image: 2019_08_22_m1.pgm
resolution: 0.050000
origin: [-26.600000, -34.600000, 0.000000]
negate: 0
occupied_thresh: 0.65
free_thresh: 0.196

