image: cartomap.pgm
resolution: 0.050000
origin: [-15.837810, -8.889314, 0.000000]
negate: 0
occupied_thresh: 0.65
free_thresh: 0.196

